$ vmstat 2 10
procs -----------memory---------- ---swap-- -----io---- -system-- ------cpu-----
 r  b   swpd   free   buff  cache   si   so    bi    bo   in   cs us sy id wa st
 0  0      0 320440 426912 2036360    0    0    11    10  105  147  0  1 99  0  0
 0  0      0 319880 426912 2036412    0    0     0     0 1778 3423  0  1 99  0  0
 1  0      0 320448 426920 2036424    0    0     0    38 1786 3443  1  1 99  0  0
 0  0      0 320448 426920 2036424    0    0     0     0 1745 3402  0  1 99  0  0
 0  0      0 320448 426920 2036424    0    0     0     0 1747 3401  0  1 99  0  0
 0  0      0 320448 426920 2036424    0    0     0     0 1733 3405  1  1 99  0  0
 0  0      0 320448 426920 2036424    0    0     0     0 1746 3391  0  1 99  0  0
 0  0      0 320416 426920 2036424    0    0     0     0 1720 3380  0  1 99  0  0
 0  0      0 320416 426924 2036424    0    0     0     6 1732 3360  0  1 99  0  0
 0  0      0 320448 426924 2036424    0    0     0     0 1750 3400  0  1 99  0  0